function [baseMVA, bus, gen, branch, areas, gencost] = t_auction_case
%T_AUCTION_CASE    Power flow data for testing auction code.
%   Please see CASEFORMAT for details on the case file format.

%   MATPOWER

%%-----  Power Flow Data  -----%%
%% system MVA base
baseMVA = 100;

%% bus data
%	bus_i	type	Pd	Qd	Gs	Bs	area	Vm	Va	baseKV	zone	Vmax	Vmin
bus = [
	1	3	0	0	0	0	1	1	0	135	1	1.05	0.95;
	2	2	0	0	0	0	1	1	0	135	1	1.1	0.95;
	3	1	0	0	0	0	1	1	0	135	1	1.05	0.95;
	4	1	0	0	0	0	1	1	0	135	1	1.05	0.95;
	5	1	0	0	0	0	1	1	0	135	1	1.05	0.95;
	6	1	0	0	0	0	1	1	0	135	1	1.05	0.95;
	7	1	0	0	0	0	1	1	0	135	1	1.05	0.95;
	8	1	0	0	0	0	1	1	0	135	1	1.05	0.95;
	9	1	0	0	0	0	1	1	0	135	1	1.05	0.95;
	10	1	0	0	0	0	3	1	0	135	1	1.05	0.95;
	11	1	0	0	0	0	1	1	0	135	1	1.05	0.95;
	12	1	0	0	0	0	2	1	0	135	1	1.05	0.95;
	13	1	0	0	0	0	2	1	0	135	1	1.1	0.95;
	14	1	0	0	0	0	2	1	0	135	1	1.05	0.95;
	15	1	0	0	0	0	2	1	0	135	1	1.05	0.95;
	16	1	0	0	0	0	2	1	0	135	1	1.05	0.95;
	17	1	0	0	0	0	2	1	0	135	1	1.05	0.95;
	18	1	0	0	0	0	2	1	0	135	1	1.05	0.95;
	19	1	0	0	0	0	2	1	0	135	1	1.05	0.95;
	20	1	0	0	0	0	2	1	0	135	1	1.05	0.95;
	21	1	0	0   0	0	3	1	0	135	1	1.05	0.95;
	22	1	0	0	0	0	3	1	0	135	1	1.1	0.95;
	23	1	0	0	0	0	2	1	0	135	1	1.1	0.95;
	24	1	0	0	0	0	3	1	0	135	1	1.05	0.95;
	25	1	0	0	0	0	3	1	0	135	1	1.05	0.95;
	26	1	0	0	0	0	3	1	0	135	1	1.05	0.95;
	27	1	0	0	0	0	3	1	0	135	1	1.1	0.95;
	28	1	0	0	0	0	1	1	0	135	1	1.05	0.95;
	29	1	0	0	0	0	3	1	0	135	1	1.05	0.95;
	30	1	0	0	0	0	3	1	0	135	1	1.05	0.95;
	31	1	0	0	0	0	1	1	0	135	1	1.1	0.9;
	32	1	0	0	0	0	1	1	0	135	1	1.1	0.9;
	33	1	0	0	0	0	1	1	0	135 1	1.1	0.9;
	34	1	0	0	0	0	1	1	0	135	1	1.1	0.9;
	35	1	0	0	0	0	1	1	0	135	1	1.1	0.9;
	36	1	0	0	0	0	1	1	0	135	1	1.1	0.9;
	37	1	0	0	0	0	1	1	0	135	1	1.1	0.9;
	38	1	0	0	0	0	1	1	0	135	1	1.1	0.9;
	39	1	0	0	0	0	1	1	0	135	1	1.1	0.9;
	40	1	0	0   0	0	1	1	0	135	1	1.1	0.9;
	41	1	0	0	0	0	1	1	0	135	1	1.1	0.9;
	42	1	0	0	0	0	1	1	0	135	1	1.1	0.9;
	43	1	0	0	0	0	1	1	0	135	1	1.1	0.9;
	44	1	0	0   0	0	1	1	0	135	1	1.1	0.9;
	45	1	0	0	0	0	1	1	0	135	1	1.1	0.9;
	46	1	0	0	0	0	1	1	0	135	1	1.1	0.9;
	47	1	0	0	0	0	1	1	0	135	1	1.1	0.9;
	48	1	0	0	0	0	1	1	0	135	1	1.1	0.9;
	49	1	0	0	0	0	1	1	0	135	1	1.1	0.9;
	50	1	0	0	0	0	1	1	0	135	1	1.1	0.9;
	51	1	0	0	0	0	1	1	0	135	1	1.1	0.9;
	52	1	0	0	0	0	1	1	0	135	1	1.1	0.9;
	53	1	0	0	0	0	1	1	0	135	1	1.1	0.9;
	54	1	0	0	0	0	1	1	0	135	1	1.1	0.9;
	55	1	0	0	0	0	1	1	0	135	1	1.1	0.9;
	56	1	0	0	0	0	1	1	0	135	1	1.1	0.9;
	57	1	0	0	0	0	1	1	0	135	1	1.1	0.9;
	58	1	0	0	0	0	1	1	0	135	1	1.1	0.9;
	59	1	0	0	0	0	1	1	0	135	1	1.1	0.9;
	60	1	0	0	0	0	1	1	0	135	1	1.1	0.9;
	61	1	0	0	0	0	1	1	0	135	1	1.1	0.9;
	62	1	0	0	0	0	1	1	0	135	1	1.1	0.9;
	63	1	0	0	0	0	1	1	0	135	1	1.1	0.9;
	64	1	0	0	0	0	1	1	0	135	1	1.1	0.9;
	65	1	0	0	0	0	1	1	0	135	1	1.1	0.9;
	66	1	0	0	0	0	1	1	0	135	1	1.1	0.9;
	67	1	0	0	0	0	1	1	0	135	1	1.1	0.9;
	68	1	0	0	0	0	1	1	0	135	1	1.1	0.9;
	69	1	0	0	0	0	1	1	0	135	1	1.1	0.9;
	70	1	0	0	0	0	1	1	0	135	1	1.1	0.9;
	71	1	0	0	0	0	1	1	0	135	1	1.1	0.9;
	72	1	0	0	0	0	1	1	0	135	1	1.1	0.9;
	73	1	0	0	0	0	1	1	0	135	1	1.1	0.9;
	74	1	0	0	0	0	1	1	0	135	1	1.1	0.9;
	75	1	0	0	0	0	1	1	0	135	1	1.1	0.9;
	76	1	0	0	0	0	1	1	0	135	1	1.1	0.9;
	77	1	0	0	0	0	1	1	0	135	1	1.1	0.9;
	78	1	0	0	0	0	1	1	0	135	1	1.1	0.9;
	79	1	0	0	0	0	1	1	0	135	1	1.1	0.9;
	80	1	0	0	0	0	1	1	0	135	1	1.1	0.9;
	81	1	0	0	0	0	1	1	0	135	1	1.1	0.9;
	82	1	0	0	0	0	1	1	0	135	1	1.1	0.9;
	83	1	0	0	0	0	1	1	0	135	1	1.1	0.9;
	84	1	0	0	0	0	1	1	0	135	1	1.1	0.9;
	85	1	0	0	0	0	1	1	0	135	1	1.1	0.9;
];
%% generator data
%	bus	Pg	Qg	Qmax	Qmin	Vg	mBase	status	Pmax	Pmin
gen = [
    1	23.54	0	60	-15	1	100	1	450	35;
	2	60.97	0	60	-15	1	100	1	450	0.001;
    NaN NaN NaN NaN NaN NaN NaN NaN NaN NaN;
    NaN NaN NaN NaN NaN NaN NaN NaN NaN NaN;
    NaN NaN NaN NaN NaN NaN NaN NaN NaN NaN;
    NaN NaN NaN NaN NaN NaN NaN NaN NaN NaN;
    NaN NaN NaN NaN NaN NaN NaN NaN NaN NaN;
    NaN NaN NaN NaN NaN NaN NaN NaN NaN NaN;
    NaN NaN NaN NaN NaN NaN NaN NaN NaN NaN;
    NaN NaN NaN NaN NaN NaN NaN NaN NaN NaN;
    NaN NaN NaN NaN NaN NaN NaN NaN NaN NaN;
    NaN NaN NaN NaN NaN NaN NaN NaN NaN NaN;
    NaN NaN NaN NaN NaN NaN NaN NaN NaN NaN;
    NaN NaN NaN NaN NaN NaN NaN NaN NaN NaN;
    NaN NaN NaN NaN NaN NaN NaN NaN NaN NaN;
    NaN NaN NaN NaN NaN NaN NaN NaN NaN NaN;
    NaN NaN NaN NaN NaN NaN NaN NaN NaN NaN;
    NaN NaN NaN NaN NaN NaN NaN NaN NaN NaN;
    NaN NaN NaN NaN NaN NaN NaN NaN NaN NaN;
    NaN NaN NaN NaN NaN NaN NaN NaN NaN NaN;
    NaN NaN NaN NaN NaN NaN NaN NaN NaN NaN;
    NaN NaN NaN NaN NaN NaN NaN NaN NaN NaN;
    NaN NaN NaN NaN NaN NaN NaN NaN NaN NaN;
    NaN NaN NaN NaN NaN NaN NaN NaN NaN NaN;
    NaN NaN NaN NaN NaN NaN NaN NaN NaN NaN;
    NaN NaN NaN NaN NaN NaN NaN NaN NaN NaN;
    NaN NaN NaN NaN NaN NaN NaN NaN NaN NaN;
    NaN NaN NaN NaN NaN NaN NaN NaN NaN NaN;
    NaN NaN NaN NaN NaN NaN NaN NaN NaN NaN;
    NaN NaN NaN NaN NaN NaN NaN NaN NaN NaN;
    NaN NaN NaN NaN NaN NaN NaN NaN NaN NaN;
    NaN NaN NaN NaN NaN NaN NaN NaN NaN NaN;
    NaN NaN NaN NaN NaN NaN NaN NaN NaN NaN;
    NaN NaN NaN NaN NaN NaN NaN NaN NaN NaN;
    NaN NaN NaN NaN NaN NaN NaN NaN NaN NaN;
    NaN NaN NaN NaN NaN NaN NaN NaN NaN NaN;
    NaN NaN NaN NaN NaN NaN NaN NaN NaN NaN;
    NaN NaN NaN NaN NaN NaN NaN NaN NaN NaN;
    NaN NaN NaN NaN NaN NaN NaN NaN NaN NaN;
    NaN NaN NaN NaN NaN NaN NaN NaN NaN NaN;
    NaN NaN NaN NaN NaN NaN NaN NaN NaN NaN;
    NaN NaN NaN NaN NaN NaN NaN NaN NaN NaN;
    NaN NaN NaN NaN NaN NaN NaN NaN NaN NaN;
    NaN NaN NaN NaN NaN NaN NaN NaN NaN NaN;
    NaN NaN NaN NaN NaN NaN NaN NaN NaN NaN;
    NaN NaN NaN NaN NaN NaN NaN NaN NaN NaN;
    NaN NaN NaN NaN NaN NaN NaN NaN NaN NaN;
    NaN NaN NaN NaN NaN NaN NaN NaN NaN NaN;
    NaN NaN NaN NaN NaN NaN NaN NaN NaN NaN;
    NaN NaN NaN NaN NaN NaN NaN NaN NaN NaN;
    NaN NaN NaN NaN NaN NaN NaN NaN NaN NaN;
    NaN NaN NaN NaN NaN NaN NaN NaN NaN NaN;
    NaN NaN NaN NaN NaN NaN NaN NaN NaN NaN;
    NaN NaN NaN NaN NaN NaN NaN NaN NaN NaN;
    NaN NaN NaN NaN NaN NaN NaN NaN NaN NaN;
    NaN NaN NaN NaN NaN NaN NaN NaN NaN NaN;
    NaN NaN NaN NaN NaN NaN NaN NaN NaN NaN;
    NaN NaN NaN NaN NaN NaN NaN NaN NaN NaN;
    NaN NaN NaN NaN NaN NaN NaN NaN NaN NaN;
    NaN NaN NaN NaN NaN NaN NaN NaN NaN NaN;
    NaN NaN NaN NaN NaN NaN NaN NaN NaN NaN;
    NaN NaN NaN NaN NaN NaN NaN NaN NaN NaN;
    NaN NaN NaN NaN NaN NaN NaN NaN NaN NaN;
    NaN NaN NaN NaN NaN NaN NaN NaN NaN NaN;
    NaN NaN NaN NaN NaN NaN NaN NaN NaN NaN;
    NaN NaN NaN NaN NaN NaN NaN NaN NaN NaN;
    NaN NaN NaN NaN NaN NaN NaN NaN NaN NaN;
    NaN NaN NaN NaN NaN NaN NaN NaN NaN NaN;
    NaN NaN NaN NaN NaN NaN NaN NaN NaN NaN;
    NaN NaN NaN NaN NaN NaN NaN NaN NaN NaN;
    NaN NaN NaN NaN NaN NaN NaN NaN NaN NaN;
    NaN NaN NaN NaN NaN NaN NaN NaN NaN NaN;
    NaN NaN NaN NaN NaN NaN NaN NaN NaN NaN;
    NaN NaN NaN NaN NaN NaN NaN NaN NaN NaN;
    NaN NaN NaN NaN NaN NaN NaN NaN NaN NaN;
    NaN NaN NaN NaN NaN NaN NaN NaN NaN NaN;
    NaN NaN NaN NaN NaN NaN NaN NaN NaN NaN;
    NaN NaN NaN NaN NaN NaN NaN NaN NaN NaN;
    NaN NaN NaN NaN NaN NaN NaN NaN NaN NaN;
    NaN NaN NaN NaN NaN NaN NaN NaN NaN NaN;
    NaN NaN NaN NaN NaN NaN NaN NaN NaN NaN;
    NaN NaN NaN NaN NaN NaN NaN NaN NaN NaN;
    NaN NaN NaN NaN NaN NaN NaN NaN NaN NaN;
    NaN NaN NaN NaN NaN NaN NaN NaN NaN NaN;
    NaN NaN NaN NaN NaN NaN NaN NaN NaN NaN;
    NaN NaN NaN NaN NaN NaN NaN NaN NaN NaN;
    NaN NaN NaN NaN NaN NaN NaN NaN NaN NaN;
    NaN NaN NaN NaN NaN NaN NaN NaN NaN NaN;
    NaN NaN NaN NaN NaN NaN NaN NaN NaN NaN;
    NaN NaN NaN NaN NaN NaN NaN NaN NaN NaN;
    NaN NaN NaN NaN NaN NaN NaN NaN NaN NaN;
    NaN NaN NaN NaN NaN NaN NaN NaN NaN NaN;
];

%% branch data
%	fbus	tbus	r	x	b	rateA	rateB	rateC	ratio	angle	status
